No,TA (mg/100gr FM),Vit C (mg/100gr FM),,,,,,,,
1,268.56,29.95,,,,,,Stat. parameters,Total Acidity (TA),Vitamin C
2,291.07,31.36,,,,,,Mean,495.4815517,32.2062069
3,378.17,33.07,,,,,,Max,772.77,35.66
4,276.55,30.63,,,,,,Min,189.72,28.93
5,324.4,31.69,,,,,,Range,583.05,6.73
6,394.76,32.02,,,,,,Std Deviation,131.0712782,1.306183442
7,449.97,32.43,,,,,,Variance,17179.67998,1.706115185
8,189.72,28.93,,,,,,RMS,512.2357335,32.23222707
9,298.37,29.94,,,,,,Skewness,-0.163538227,0.138618697
10,203.86,29.18,,,,,,Kurtosis,-0.174423307,1.117491383
11,444.48,32.67,,,,,,Median,490.81,32.125
12,366.56,31.53,,,,,,Q1,413.21,31.585
13,452.36,32.75,,,,,,Q3,582.93,32.7425
14,432.59,32.1,,,,,,,,
15,408.6,32.69,,,,,,,,
16,362.35,30.42,,,,,,,,
17,469.52,33.39,,,,,,,,
18,466.18,35.19,,,,,,,,
19,412.89,30.79,,,,,,,,
20,381.98,31.03,,,,,,,,
21,414.17,32.72,,,,,,,,
22,505.05,35.27,,,,,,,,
23,757.02,33.14,,,,,,,,
24,437.32,32.3,,,,,,,,
25,589.64,34.27,,,,,,,,
26,495.3,30.7,,,,,,,,
27,487.58,35.66,,,,,,,,
28,492.19,31.21,,,,,,,,
29,489.43,32.23,,,,,,,,
30,430.28,32.59,,,,,,,,
31,603.27,33.48,,,,,,,,
32,456.68,32.61,,,,,,,,
33,569.95,33.98,,,,,,,,
34,537.99,32.41,,,,,,,,
35,563.66,33.12,,,,,,,,
36,483.12,33.15,,,,,,,,
37,472.32,32.71,,,,,,,,
38,607.74,34.01,,,,,,,,
39,514.39,31.94,,,,,,,,
40,406.8,32.1,,,,,,,,
41,645.07,31.99,,,,,,,,
42,539.95,31.55,,,,,,,,
43,654.1,31.74,,,,,,,,
44,558.21,32.05,,,,,,,,
45,772.77,33,,,,,,,,
46,717.59,32.3,,,,,,,,
47,552.29,32.56,,,,,,,,
48,550.26,31.85,,,,,,,,
49,542.91,32.35,,,,,,,,
50,642.38,31.23,,,,,,,,
51,663.29,31.8,,,,,,,,
52,698.9,32.81,,,,,,,,
53,545.64,31.19,,,,,,,,
54,630.61,31.99,,,,,,,,
55,653.72,31.99,,,,,,,,
56,578.61,31.95,,,,,,,,
57,584.37,32.13,,,,,,,,
58,620.42,32.12,,,,,,,,
